SECRET_KEY_1="[
   92, 212, 174,   1,  45,  56,  80,  51,  63, 137, 175,
  222, 242, 164,  49, 158, 166, 216, 217, 152,  52,  98,
  171, 175, 222, 103, 218,  40,  71,   0,  59, 247, 136,
  149,  75,   7,   8, 213, 222, 229,  53,  18, 241, 219,
  189, 148, 205, 207, 220,  39, 189, 113, 113,  11, 243,
    3, 185,  97, 180, 173, 182, 207, 190, 165
]"

SECRET_KEY_2="[
  226, 236, 152,  86, 148, 253,  73,  45, 253, 104, 100,
   25,  70,  36,  34, 237, 178,   3,  68, 187, 176, 255,
   22, 190,  26,   9, 171,  23, 250,   2,  45, 141,  10,
   24, 161,  83, 171, 197, 159, 204,  50,  92, 237, 161,
   28,  65,   9, 124, 186, 112,  22,  57,   1, 144, 102,
  220, 187,  87, 181,  38, 170, 186, 106, 159
]"